function mpc = network
%% MATPOWER case file — PyPSA-Eur OSM France 400 kV
%% Buses: 192  Branches: 400

mpc.version = '2';

mpc.baseMVA = 100.0;

%% bus data
%  bus_i  type  Pd    Qd    Gs  Bs  area  Vm    Va  baseKV  zone  Vmax  Vmin
mpc.bus = [
    1  3  1.0  0.1  0  0  1  1.0  0  400.0  1  1.05  0.95;
    2  1  1.0  0.1  0  0  1  1.0  0  400.0  1  1.05  0.95;
    3  1  1.0  0.1  0  0  1  1.0  0  400.0  1  1.05  0.95;
    4  1  1.0  0.1  0  0  1  1.0  0  380.0  1  1.05  0.95;
    5  1  1.0  0.1  0  0  1  1.0  0  380.0  1  1.05  0.95;
    6  1  1.0  0.1  0  0  1  1.0  0  400.0  1  1.05  0.95;
    7  1  1.0  0.1  0  0  1  1.0  0  400.0  1  1.05  0.95;
    8  1  1.0  0.1  0  0  1  1.0  0  400.0  1  1.05  0.95;
    9  1  1.0  0.1  0  0  1  1.0  0  400.0  1  1.05  0.95;
    10  1  1.0  0.1  0  0  1  1.0  0  400.0  1  1.05  0.95;
    11  1  1.0  0.1  0  0  1  1.0  0  400.0  1  1.05  0.95;
    12  1  1.0  0.1  0  0  1  1.0  0  400.0  1  1.05  0.95;
    13  1  1.0  0.1  0  0  1  1.0  0  400.0  1  1.05  0.95;
    14  1  1.0  0.1  0  0  1  1.0  0  400.0  1  1.05  0.95;
    15  1  1.0  0.1  0  0  1  1.0  0  400.0  1  1.05  0.95;
    16  1  1.0  0.1  0  0  1  1.0  0  400.0  1  1.05  0.95;
    17  1  1.0  0.1  0  0  1  1.0  0  400.0  1  1.05  0.95;
    18  1  1.0  0.1  0  0  1  1.0  0  400.0  1  1.05  0.95;
    19  1  1.0  0.1  0  0  1  1.0  0  400.0  1  1.05  0.95;
    20  1  1.0  0.1  0  0  1  1.0  0  400.0  1  1.05  0.95;
    21  1  1.0  0.1  0  0  1  1.0  0  400.0  1  1.05  0.95;
    22  1  1.0  0.1  0  0  1  1.0  0  400.0  1  1.05  0.95;
    23  1  1.0  0.1  0  0  1  1.0  0  400.0  1  1.05  0.95;
    24  1  1.0  0.1  0  0  1  1.0  0  400.0  1  1.05  0.95;
    25  1  1.0  0.1  0  0  1  1.0  0  400.0  1  1.05  0.95;
    26  1  1.0  0.1  0  0  1  1.0  0  400.0  1  1.05  0.95;
    27  1  1.0  0.1  0  0  1  1.0  0  400.0  1  1.05  0.95;
    28  1  1.0  0.1  0  0  1  1.0  0  400.0  1  1.05  0.95;
    29  1  1.0  0.1  0  0  1  1.0  0  400.0  1  1.05  0.95;
    30  1  1.0  0.1  0  0  1  1.0  0  400.0  1  1.05  0.95;
    31  1  1.0  0.1  0  0  1  1.0  0  400.0  1  1.05  0.95;
    32  1  1.0  0.1  0  0  1  1.0  0  400.0  1  1.05  0.95;
    33  1  1.0  0.1  0  0  1  1.0  0  400.0  1  1.05  0.95;
    34  1  1.0  0.1  0  0  1  1.0  0  400.0  1  1.05  0.95;
    35  1  1.0  0.1  0  0  1  1.0  0  400.0  1  1.05  0.95;
    36  1  1.0  0.1  0  0  1  1.0  0  400.0  1  1.05  0.95;
    37  1  1.0  0.1  0  0  1  1.0  0  400.0  1  1.05  0.95;
    38  1  1.0  0.1  0  0  1  1.0  0  400.0  1  1.05  0.95;
    39  1  1.0  0.1  0  0  1  1.0  0  400.0  1  1.05  0.95;
    40  1  1.0  0.1  0  0  1  1.0  0  400.0  1  1.05  0.95;
    41  1  1.0  0.1  0  0  1  1.0  0  400.0  1  1.05  0.95;
    42  1  1.0  0.1  0  0  1  1.0  0  400.0  1  1.05  0.95;
    43  1  1.0  0.1  0  0  1  1.0  0  400.0  1  1.05  0.95;
    44  1  1.0  0.1  0  0  1  1.0  0  400.0  1  1.05  0.95;
    45  1  1.0  0.1  0  0  1  1.0  0  400.0  1  1.05  0.95;
    46  1  1.0  0.1  0  0  1  1.0  0  400.0  1  1.05  0.95;
    47  1  1.0  0.1  0  0  1  1.0  0  400.0  1  1.05  0.95;
    48  1  1.0  0.1  0  0  1  1.0  0  400.0  1  1.05  0.95;
    49  1  1.0  0.1  0  0  1  1.0  0  400.0  1  1.05  0.95;
    50  1  1.0  0.1  0  0  1  1.0  0  400.0  1  1.05  0.95;
    51  1  1.0  0.1  0  0  1  1.0  0  400.0  1  1.05  0.95;
    52  1  1.0  0.1  0  0  1  1.0  0  400.0  1  1.05  0.95;
    53  1  1.0  0.1  0  0  1  1.0  0  400.0  1  1.05  0.95;
    54  1  1.0  0.1  0  0  1  1.0  0  400.0  1  1.05  0.95;
    55  1  1.0  0.1  0  0  1  1.0  0  400.0  1  1.05  0.95;
    56  1  1.0  0.1  0  0  1  1.0  0  400.0  1  1.05  0.95;
    57  1  1.0  0.1  0  0  1  1.0  0  400.0  1  1.05  0.95;
    58  1  1.0  0.1  0  0  1  1.0  0  400.0  1  1.05  0.95;
    59  1  1.0  0.1  0  0  1  1.0  0  400.0  1  1.05  0.95;
    60  1  1.0  0.1  0  0  1  1.0  0  400.0  1  1.05  0.95;
    61  1  1.0  0.1  0  0  1  1.0  0  400.0  1  1.05  0.95;
    62  1  1.0  0.1  0  0  1  1.0  0  400.0  1  1.05  0.95;
    63  1  1.0  0.1  0  0  1  1.0  0  400.0  1  1.05  0.95;
    64  1  1.0  0.1  0  0  1  1.0  0  400.0  1  1.05  0.95;
    65  1  1.0  0.1  0  0  1  1.0  0  400.0  1  1.05  0.95;
    66  1  1.0  0.1  0  0  1  1.0  0  400.0  1  1.05  0.95;
    67  1  1.0  0.1  0  0  1  1.0  0  400.0  1  1.05  0.95;
    68  1  1.0  0.1  0  0  1  1.0  0  400.0  1  1.05  0.95;
    69  1  1.0  0.1  0  0  1  1.0  0  400.0  1  1.05  0.95;
    70  1  1.0  0.1  0  0  1  1.0  0  400.0  1  1.05  0.95;
    71  1  1.0  0.1  0  0  1  1.0  0  400.0  1  1.05  0.95;
    72  1  1.0  0.1  0  0  1  1.0  0  400.0  1  1.05  0.95;
    73  1  1.0  0.1  0  0  1  1.0  0  400.0  1  1.05  0.95;
    74  1  1.0  0.1  0  0  1  1.0  0  400.0  1  1.05  0.95;
    75  1  1.0  0.1  0  0  1  1.0  0  400.0  1  1.05  0.95;
    76  1  1.0  0.1  0  0  1  1.0  0  400.0  1  1.05  0.95;
    77  1  1.0  0.1  0  0  1  1.0  0  400.0  1  1.05  0.95;
    78  1  1.0  0.1  0  0  1  1.0  0  400.0  1  1.05  0.95;
    79  1  1.0  0.1  0  0  1  1.0  0  400.0  1  1.05  0.95;
    80  1  1.0  0.1  0  0  1  1.0  0  400.0  1  1.05  0.95;
    81  1  1.0  0.1  0  0  1  1.0  0  400.0  1  1.05  0.95;
    82  1  1.0  0.1  0  0  1  1.0  0  400.0  1  1.05  0.95;
    83  1  1.0  0.1  0  0  1  1.0  0  400.0  1  1.05  0.95;
    84  1  1.0  0.1  0  0  1  1.0  0  400.0  1  1.05  0.95;
    85  1  1.0  0.1  0  0  1  1.0  0  400.0  1  1.05  0.95;
    86  1  1.0  0.1  0  0  1  1.0  0  400.0  1  1.05  0.95;
    87  1  1.0  0.1  0  0  1  1.0  0  400.0  1  1.05  0.95;
    88  1  1.0  0.1  0  0  1  1.0  0  400.0  1  1.05  0.95;
    89  1  1.0  0.1  0  0  1  1.0  0  400.0  1  1.05  0.95;
    90  1  1.0  0.1  0  0  1  1.0  0  400.0  1  1.05  0.95;
    91  1  1.0  0.1  0  0  1  1.0  0  400.0  1  1.05  0.95;
    92  1  1.0  0.1  0  0  1  1.0  0  400.0  1  1.05  0.95;
    93  1  1.0  0.1  0  0  1  1.0  0  400.0  1  1.05  0.95;
    94  1  1.0  0.1  0  0  1  1.0  0  400.0  1  1.05  0.95;
    95  1  1.0  0.1  0  0  1  1.0  0  400.0  1  1.05  0.95;
    96  1  1.0  0.1  0  0  1  1.0  0  400.0  1  1.05  0.95;
    97  1  1.0  0.1  0  0  1  1.0  0  400.0  1  1.05  0.95;
    98  1  1.0  0.1  0  0  1  1.0  0  400.0  1  1.05  0.95;
    99  1  1.0  0.1  0  0  1  1.0  0  400.0  1  1.05  0.95;
    100  1  1.0  0.1  0  0  1  1.0  0  400.0  1  1.05  0.95;
    101  1  1.0  0.1  0  0  1  1.0  0  400.0  1  1.05  0.95;
    102  1  1.0  0.1  0  0  1  1.0  0  400.0  1  1.05  0.95;
    103  1  1.0  0.1  0  0  1  1.0  0  400.0  1  1.05  0.95;
    104  1  1.0  0.1  0  0  1  1.0  0  400.0  1  1.05  0.95;
    105  1  1.0  0.1  0  0  1  1.0  0  400.0  1  1.05  0.95;
    106  1  1.0  0.1  0  0  1  1.0  0  400.0  1  1.05  0.95;
    107  1  1.0  0.1  0  0  1  1.0  0  400.0  1  1.05  0.95;
    108  1  1.0  0.1  0  0  1  1.0  0  400.0  1  1.05  0.95;
    109  1  1.0  0.1  0  0  1  1.0  0  400.0  1  1.05  0.95;
    110  1  1.0  0.1  0  0  1  1.0  0  400.0  1  1.05  0.95;
    111  1  1.0  0.1  0  0  1  1.0  0  400.0  1  1.05  0.95;
    112  1  1.0  0.1  0  0  1  1.0  0  400.0  1  1.05  0.95;
    113  1  1.0  0.1  0  0  1  1.0  0  400.0  1  1.05  0.95;
    114  1  1.0  0.1  0  0  1  1.0  0  400.0  1  1.05  0.95;
    115  1  1.0  0.1  0  0  1  1.0  0  400.0  1  1.05  0.95;
    116  1  1.0  0.1  0  0  1  1.0  0  400.0  1  1.05  0.95;
    117  1  1.0  0.1  0  0  1  1.0  0  400.0  1  1.05  0.95;
    118  1  1.0  0.1  0  0  1  1.0  0  400.0  1  1.05  0.95;
    119  1  1.0  0.1  0  0  1  1.0  0  400.0  1  1.05  0.95;
    120  1  1.0  0.1  0  0  1  1.0  0  400.0  1  1.05  0.95;
    121  1  1.0  0.1  0  0  1  1.0  0  400.0  1  1.05  0.95;
    122  1  1.0  0.1  0  0  1  1.0  0  400.0  1  1.05  0.95;
    123  1  1.0  0.1  0  0  1  1.0  0  400.0  1  1.05  0.95;
    124  1  1.0  0.1  0  0  1  1.0  0  400.0  1  1.05  0.95;
    125  1  1.0  0.1  0  0  1  1.0  0  400.0  1  1.05  0.95;
    126  1  1.0  0.1  0  0  1  1.0  0  400.0  1  1.05  0.95;
    127  1  1.0  0.1  0  0  1  1.0  0  400.0  1  1.05  0.95;
    128  1  1.0  0.1  0  0  1  1.0  0  400.0  1  1.05  0.95;
